1323151184870
21025858316225
21025858316214
21025858316192
21025858316181
1323160105456
1323160105457
21025858316166
52799210012994
21025858064973
52799210013075
52799210013904
52799210013764
50207910025115
50207910024205
50207910025152
50207910024183
50207910025126
50207910025163
50207910025594
50207910024544
50207910025572
50207910025605
368378232356
368472495190
368498713315
368479439821
368471145058
368485284309
368494355229
368472863210
368472269241
ILSC4001389893
ILSC4001387665
ILSC4001387665
14131752400795
ILSC4001389888
21025857210741
ILSC4001389887
21025857210730
21025857210726
ILSC4001399308
ILSC4001419558
21025857758782
ILSC4001426277
ILSC4001419566
1323160101562
52799210008212
52799210007991
52799210008072
7D121276628
7D121276628
52799210008061
52799210008186
52799210008201
52799210008046
ILSC4001426275
ILSC4001419309
ILSC4001421224
ILSC4001443410
1323160104738
I79257402
7D121277300
ILSC4001443436
1323160101715
ILSC4001443440
ILSC4001443327
21025858251910
21025857988592
21025858251932
21025858251921
77778485282
21025857988570
21025857988566
21025858251943
1323160102719
1323160104670
21025858251976
21025858048431
21025858048394
21025858048383
21025858048372
21025858048361
ILSC4001435675
ILSC4001435675
ILSC4001435674
ILSC4001435674
21025858252002
24562013879164
ILSC4001435677
21025858095891
1323160103111
21025858251965
21025858252013
ILSC4001440728
ILSC4001440728
21025858251991
1323160104258
21025858251954
ILSC4001442838
ILSC4001442838
SF3337319830ITL
21025858252035
ILSC4001440699
ILSC4001440699
I79257307
21025858252024
ILSC4001442843
21025858204203
21025858251980
ILSC4001442823
ILSC4001442823
21025858240393
21025858240404
21025858240382
1323160104580
